


  MUSIC NOTE VALUES

    This appendix contains a complete list of Note#, actual note, and the
  values to be POKED into the HI FREQ and LOW FREQ registers of the sound
  chip to produce the indicated note.

  +-----------------------------+-----------------------------------------+
  |        MUSICAL NOTE         |             OSCILLATOR FREQ             |
  +-------------+---------------+-------------+-------------+-------------+
  |     NOTE    |    OCTAVE     |   DECIMAL   |      HI     |     LOW     |
  +-------------+---------------+-------------+-------------+-------------+
  |       0     |      C-0      |     268     |       1     |      12     |
  |       1     |      C#-0     |     284     |       1     |      28     |
  |       2     |      D-0      |     301     |       1     |      45     |
  |       3     |      D#-0     |     318     |       1     |      62     |
  |       4     |      E-0      |     337     |       1     |      81     |
  |       5     |      F-0      |     358     |       1     |     102     |
  |       6     |      F#-0     |     379     |       1     |     123     |
  |       7     |      G-0      |     401     |       1     |     145     |
  |       8     |      G#-0     |     425     |       1     |     169     |
  |       9     |      A-0      |     451     |       1     |     195     |
  |      10     |      A#-0     |     477     |       1     |     221     |
  |      11     |      B-0      |     506     |       1     |     250     |
  |      16     |      C-1      |     536     |       2     |      24     |
  |      17     |      C#-1     |     568     |       2     |      56     |
  |      18     |      D-1      |     602     |       2     |      90     |
  |      19     |      D#-1     |     637     |       2     |     125     |
  |      20     |      E-1      |     675     |       2     |     163     |
  |      21     |      F-1      |     716     |       2     |     204     |
  |      22     |      F#-1     |     758     |       2     |     246     |
  |      23     |      G-1      |     803     |       3     |      35     |
  |      24     |      G#-1     |     851     |       3     |      83     |
  |      25     |      A-1      |     902     |       3     |     134     |
  |      26     |      A#-1     |     955     |       3     |     187     |
  |      27     |      B-1      |    1012     |       3     |     244     |
  |      32     |      C-2      |    1072     |       4     |      48     |
  |      33     |      C#-2     |     1136    |       4     |     112     |
  |      34     |      D-2      |     1204    |       4     |     180     |
  |      35     |      D#-2     |     1275    |       4     |     251     |
  |      36     |      E-2      |     1351    |       5     |      71     |
  |      37     |      F-2      |     1432    |       5     |     152     |
  |      38     |      F#-2     |     1517    |       5     |     237     |
  |      39     |      G-2      |     1607    |       6     |      71     |
  |      40     |      G#-2     |     1703    |       6     |     167     |
  |      41     |      A-2      |     1804    |       7     |      12     |
  |      42     |      A#-2     |     1911    |       7     |     119     |
  |      43     |      B-2      |     2025    |       7     |     233     |
  |      48     |      C-3      |     2145    |       8     |      97     |
  |      49     |      C#-3     |     2273    |       8     |     225     |
  |      50     |      D-3      |     2408    |       9     |     104     |
  |      51     |      D#-3     |     2551    |       9     |     247     |
  |      52     |      E-3      |     2703    |      10     |     143     |
  |      53     |      F-3      |     2864    |      11     |      48     |
  |      54     |      F#-3     |     3034    |      11     |     218     |
  |      55     |      G-3      |     3215    |      12     |     143     |
  |      56     |      G#-3     |     3406    |      13     |      78     |
  |      57     |      A-3      |     3608    |      14     |      24     |
  |      58     |      A#-3     |     3823    |      14     |     239     |
  |      59     |      B-3      |     4050    |      15     |     210     |
  |      64     |      C-4      |     4291    |      16     |     195     |
  |      65     |      C#-4     |     4547    |      17     |     195     |
  |      66     |      D-4      |     4817    |      18     |     209     |
  |      67     |      D#-4     |     5103    |      19     |     239     |
  |      68     |      E-4      |     5407    |      21     |      31     |
  |      69     |      F-4      |     5728    |      22     |      96     |
  |      70     |      F#-4     |     6069    |      23     |     181     |
  |      71     |      G-4      |     6430    |      25     |      30     |
  |      72     |      G#-4     |     6812    |      26     |     156     |
  |      73     |      A-4      |     7217    |      28     |      49     |
  |      74     |      A#-4     |     7647    |      29     |     223     |
  |      75     |      B-4      |     8101    |      31     |     165     |
  |      80     |      C-5      |     8583    |      33     |     135     |
  |      81     |      C#-5     |     9094    |      35     |     134     |
  |      82     |      D-5      |     9634    |      37     |     162     |
  |      83     |      D#-5     |    10207    |      39     |     223     |
  |      84     |      E-5      |    10814    |      42     |      62     |
  |      85     |      F-5      |    11457    |      44     |     193     |
  |      86     |      F#-5     |    12139    |      47     |     107     |
  |      87     |      G-5      |    12860    |      50     |      60     |
  |      88     |      G#-5     |    13625    |      53     |      57     |
  |      89     |      A-5      |    14435    |      56     |      99     |
  |      90     |      A#-5     |    15294    |      59     |     190     |
  |      91     |      B-5      |    16203    |      63     |      75     |
  |      96     |      C-6      |    17167    |      67     |      15     |
  |      97     |      C#-6     |    18188    |      71     |      12     |
  |      98     |      D-6      |    19269    |      75     |      69     |
  |      99     |      D#-6     |    20415    |      79     |     191     |
  |     100     |      E-6      |    21629    |      84     |     125     |
  |     101     |      F-6      |    22915    |      89     |     131     |
  |     102     |      F#-6     |    24278    |      94     |     214     |
  |     103     |      G-6      |    25721    |     100     |     121     |
  |     104     |      G#-6     |    27251    |     106     |     115     |
  |     105     |      A-6      |    28871    |     112     |     199     |
  |     106     |      A#-6     |    30588    |     119     |     124     |
  |     107     |      B-6      |    32407    |     126     |     151     |
  |     112     |      C-7      |    34334    |     134     |      30     |
  |     113     |      C#-7     |    36376    |     142     |      24     |
  |     114     |      D-7      |    38539    |     150     |     139     |
  |     115     |      D#-7     |    40830    |     159     |     126     |
  |     116     |      E-7      |    43258    |     168     |     250     |
  |     117     |      F-7      |    45830    |     179     |       6     |
  |     118     |      F#-7     |    48556    |     189     |     172     |
  |     119     |      G-7      |    51443    |     200     |     243     |
  |     120     |      G#-7     |    54502    |     212     |     230     |
  |     121     |      A-7      |    57743    |     225     |     143     |
  |     122     |      A#-7     |    61176    |     238     |     248     |
  |     123     |      B-7      |    64814    |     253     |      46     |
  +-------------+---------------+-------------+-------------+-------------+